{
  "extrinsic": [
    [
      [
        0.9999999403953552,
        -0.00027045459137298167,
        6.517724978039041e-05,
        0.00012211990542709827
      ],
      [
        0.0002704608195926994,
        0.9999999403953552,
        -9.597965254215524e-05,
        -0.00011834264296339825
      ],
      [
        -6.515129643958062e-05,
        9.599726763553917e-05,
        1.0,
        3.809646295849234e-05
      ]
    ],
    [
      [
        0.736107587814331,
        -0.007127254270017147,
        0.676827073097229,
        0.020059730857610703
      ],
      [
        0.03346807137131691,
        0.9991046786308289,
        -0.025878438726067543,
        -0.0025807651691138744
      ],
      [
        -0.6760366559028625,
        0.041701409965753555,
        0.7356870770454407,
        0.022002805024385452
      ]
    ],
    [
      [
        0.7405718564987183,
        7.112575076462235e-06,
        -0.6719772219657898,
        -0.02504800818860531
      ],
      [
        -0.029260870069265366,
        0.9990518093109131,
        -0.032237205654382706,
        -0.0018716127378866076
      ],
      [
        0.6713398694992065,
        0.043536603450775146,
        0.7398698329925537,
        0.02189216949045658
      ]
    ],
    [
      [
        -0.1051325798034668,
        -0.0022349844221025705,
        0.9944557547569275,
        0.015552440658211708
      ],
      [
        0.05161343514919281,
        0.9986374378204346,
        0.0077008819207549095,
        -0.001622242503799498
      ],
      [
        -0.9931179285049438,
        0.05213689059019089,
        -0.1048738956451416,
        -0.0004293216043151915
      ]
    ],
    [
      [
        -0.16966092586517334,
        0.00274432054720819,
        -0.9854987263679504,
        -0.020363394170999527
      ],
      [
        -0.03936389833688736,
        0.9991792440414429,
        0.009559203870594501,
        -0.0016003282507881522
      ],
      [
        0.9847161173820496,
        0.04041489213705063,
        -0.16941368579864502,
        -0.008298131637275219
      ]
    ],
    [
      [
        -0.8846948146820068,
        -0.005049729719758034,
        0.46614333987236023,
        -0.005207427311688662
      ],
      [
        -0.000626344932243228,
        0.9999533295631409,
        0.009643751196563244,
        -0.0048994640819728374
      ],
      [
        -0.4661702513694763,
        0.008239810355007648,
        -0.8846567869186401,
        0.0005014199996367097
      ]
    ],
    [
      [
        -0.8988672494888306,
        0.008580329827964306,
        -0.4381366968154907,
        0.003970068413764238
      ],
      [
        0.010150138288736343,
        0.999947726726532,
        -0.001241046003997326,
        -0.006933311466127634
      ],
      [
        0.43810316920280457,
        -0.005562684033066034,
        -0.8989074230194092,
        -0.02021930180490017
      ]
    ]
  ],
  "intrinsic": [
    [
      [
        588.4142456054688,
        0.0,
        259.0
      ],
      [
        0.0,
        587.8951416015625,
        259.0
      ],
      [
        0.0,
        0.0,
        1.0
      ]
    ],
    [
      [
        463.0045166015625,
        0.0,
        259.0
      ],
      [
        0.0,
        461.90673828125,
        259.0
      ],
      [
        0.0,
        0.0,
        1.0
      ]
    ],
    [
      [
        495.43353271484375,
        0.0,
        259.0
      ],
      [
        0.0,
        492.3027648925781,
        259.0
      ],
      [
        0.0,
        0.0,
        1.0
      ]
    ],
    [
      [
        455.9755554199219,
        0.0,
        259.0
      ],
      [
        0.0,
        454.5068359375,
        259.0
      ],
      [
        0.0,
        0.0,
        1.0
      ]
    ],
    [
      [
        462.44964599609375,
        0.0,
        259.0
      ],
      [
        0.0,
        459.775146484375,
        259.0
      ],
      [
        0.0,
        0.0,
        1.0
      ]
    ],
    [
      [
        448.1114501953125,
        0.0,
        259.0
      ],
      [
        0.0,
        446.04449462890625,
        259.0
      ],
      [
        0.0,
        0.0,
        1.0
      ]
    ],
    [
      [
        453.44244384765625,
        0.0,
        259.0
      ],
      [
        0.0,
        451.1019592285156,
        259.0
      ],
      [
        0.0,
        0.0,
        1.0
      ]
    ]
  ],
  "proc_hw": [
    518,
    518
  ]
}